function G = getPayloadInterleaverPattern()
    % G(j) 7.1.1-1
    G = [16 23 18 17 8 30 10 6 24 7 0 5 3 2 1 4 ...
         9 11 12 13 14 15 19 20 21 22 25 26 27 28 29 31];
end